500
5194
1	96	16
2	72	15
3	9	11
4	58	17
5	90	16
6	53	13
7	81	13
8	45	16
9	15	11
10	71	13
11	84	18
12	64	18
13	19	20
14	42	19
15	32	14
16	19	13
17	55	18
18	36	19
19	22	19
20	99	17
21	31	15
22	76	15
23	73	16
24	35	12
25	79	17
26	42	12
27	25	11
28	98	17
29	80	14
30	39	16
31	11	18
32	18	13
33	47	11
34	44	10
35	95	12
36	82	12
37	50	20
38	34	20
39	49	18
40	87	15
41	45	16
42	75	11
43	70	14
44	55	15
45	59	17
46	32	17
47	8	19
48	95	18
49	48	10
50	98	19
51	35	11
52	40	15
53	70	17
54	61	13
55	79	13
56	97	15
57	28	12
58	15	13
59	38	15
60	26	15
61	6	16
62	65	10
63	29	17
64	66	13
65	3	19
66	88	16
67	36	15
68	32	14
69	14	17
70	24	20
71	41	20
72	28	11
73	63	10
74	40	12
75	21	15
76	12	11
77	15	17
78	12	17
79	19	13
80	47	15
81	43	15
82	1	13
83	73	16
84	3	16
85	37	10
86	78	18
87	50	19
88	9	15
89	64	15
90	53	16
91	50	14
92	48	13
93	33	13
94	35	11
95	27	19
96	3	14
97	26	12
98	67	16
99	13	19
100	8	17
101	50	16
102	15	11
103	57	11
104	7	15
105	47	17
106	60	13
107	77	16
108	36	15
109	88	18
110	61	13
111	55	10
112	57	20
113	17	17
114	23	12
115	6	14
116	2	14
117	51	11
118	48	16
119	75	13
120	70	13
121	98	18
122	63	20
123	67	12
124	3	14
125	38	12
126	16	19
127	34	11
128	45	18
129	8	10
130	69	17
131	85	13
132	69	17
133	59	19
134	93	10
135	4	12
136	87	16
137	92	19
138	66	10
139	12	16
140	91	16
141	7	20
142	93	20
143	79	12
144	86	13
145	82	13
146	74	19
147	75	13
148	4	12
149	48	16
150	61	13
151	40	13
152	32	14
153	60	19
154	16	16
155	0	17
156	45	19
157	25	16
158	75	14
159	64	10
160	0	14
161	87	19
162	56	17
163	77	11
164	38	11
165	22	13
166	70	15
167	76	16
168	10	10
169	84	18
170	15	18
171	93	19
172	61	14
173	10	12
174	21	14
175	22	16
176	54	16
177	30	15
178	7	14
179	77	12
180	11	16
181	71	11
182	31	14
183	50	18
184	62	18
185	96	11
186	58	20
187	31	13
188	71	11
189	27	19
190	68	19
191	82	13
192	66	15
193	77	15
194	75	10
195	55	13
196	52	13
197	74	10
198	36	18
199	37	16
200	16	15
201	57	17
202	57	14
203	64	14
204	37	15
205	88	19
206	20	14
207	66	12
208	29	16
209	55	14
210	23	12
211	35	14
212	24	16
213	67	15
214	18	16
215	62	12
216	94	17
217	9	15
218	18	15
219	81	14
220	93	18
221	77	16
222	79	17
223	32	13
224	23	16
225	36	11
226	80	18
227	98	13
228	85	16
229	38	19
230	14	11
231	8	18
232	32	20
233	27	11
234	62	16
235	84	15
236	53	13
237	4	18
238	5	16
239	55	11
240	73	16
241	83	11
242	69	11
243	65	11
244	28	19
245	97	16
246	76	10
247	72	18
248	57	12
249	17	14
250	49	16
251	97	19
252	64	14
253	82	14
254	51	12
255	18	16
256	76	15
257	28	16
258	83	16
259	20	15
260	39	15
261	57	20
262	35	18
263	19	16
264	2	19
265	51	18
266	22	12
267	94	10
268	71	15
269	45	15
270	55	16
271	45	10
272	7	14
273	12	18
274	66	17
275	38	14
276	90	16
277	32	12
278	16	19
279	82	17
280	80	19
281	7	14
282	94	19
283	56	14
284	16	18
285	2	13
286	86	20
287	66	19
288	82	17
289	64	16
290	66	19
291	8	13
292	8	12
293	77	20
294	36	20
295	34	20
296	82	13
297	24	17
298	1	16
299	53	11
300	58	16
301	43	17
302	52	15
303	72	13
304	77	19
305	68	12
306	55	10
307	82	13
308	87	18
309	81	11
310	34	14
311	33	19
312	53	14
313	59	11
314	97	20
315	89	18
316	48	16
317	82	11
318	47	20
319	58	18
320	89	20
321	5	18
322	10	14
323	7	12
324	95	14
325	54	16
326	91	14
327	18	10
328	41	17
329	17	19
330	67	15
331	40	13
332	79	10
333	93	16
334	54	15
335	58	18
336	32	12
337	32	14
338	93	11
339	46	19
340	66	10
341	72	17
342	14	14
343	61	19
344	59	13
345	30	13
346	24	16
347	67	19
348	42	17
349	23	15
350	78	12
351	0	14
352	36	16
353	82	14
354	9	15
355	75	14
356	56	12
357	6	16
358	40	11
359	67	15
360	14	12
361	20	19
362	20	14
363	70	12
364	99	12
365	77	12
366	23	16
367	53	12
368	22	14
369	95	18
370	13	13
371	12	12
372	64	18
373	93	10
374	55	11
375	70	15
376	37	18
377	52	14
378	51	16
379	9	12
380	55	12
381	73	16
382	70	15
383	68	17
384	40	17
385	13	17
386	4	17
387	94	10
388	37	15
389	24	18
390	49	19
391	29	12
392	12	18
393	56	18
394	68	12
395	19	12
396	49	16
397	64	12
398	92	17
399	16	14
400	3	17
401	83	13
402	87	17
403	56	14
404	66	17
405	92	11
406	50	16
407	82	14
408	83	13
409	23	14
410	71	20
411	17	16
412	60	13
413	74	19
414	18	14
415	21	14
416	41	17
417	100	13
418	21	19
419	40	12
420	95	18
421	92	10
422	22	19
423	70	10
424	69	14
425	86	11
426	64	13
427	58	13
428	34	10
429	54	14
430	48	14
431	82	18
432	5	13
433	44	20
434	57	13
435	80	16
436	87	11
437	57	13
438	44	19
439	13	20
440	71	16
441	29	18
442	19	11
443	89	12
444	15	13
445	59	14
446	65	16
447	47	18
448	39	12
449	57	11
450	20	15
451	30	12
452	17	11
453	86	18
454	29	18
455	83	19
456	77	11
457	45	18
458	74	14
459	94	15
460	45	11
461	9	13
462	21	10
463	15	19
464	99	13
465	37	13
466	14	14
467	64	12
468	14	11
469	48	11
470	57	15
471	93	11
472	60	11
473	12	10
474	75	15
475	64	12
476	68	15
477	52	10
478	63	12
479	70	20
480	51	13
481	61	14
482	94	14
483	32	14
484	61	15
485	42	11
486	27	11
487	80	17
488	28	12
489	90	19
490	43	17
491	8	15
492	33	14
493	62	12
494	68	13
495	26	12
496	52	19
497	84	14
498	17	19
499	12	14
500	58	13
